       Month           VIRGO(new)      VIRGO(old)      DIARAD(org)     PMO6V(org)
       0.0000000       1360.6812       1365.6232       893.38997       845.70915
       1.0000000       1360.6717       1365.6136       1365.9455       1270.8094
       2.0000000       1360.6923       1365.6343       1365.9789       1223.5849
       3.0000000       1360.7224       1365.6645       1365.9653       1365.3615
       4.0000000       1360.6660       1365.6079       1365.9536       1365.2627
       5.0000000       1360.6710       1365.6129       1365.9668       1365.2582
       6.0000000       1360.6457       1365.5875       1365.9181       1365.2570
       7.0000000       1172.4362       1176.7408       1035.2620       1176.4561
       8.0000000       1360.7338       1365.6759       1365.9847       1365.3668
       9.0000000       1360.7599       1365.7021       1366.0273       1365.3782
       10.000000       1360.6640       1365.6059       1365.9183       1365.2920
       11.000000       1360.8334       1365.7759       1366.1061       1365.4443
       12.000000       1360.8028       1365.7452       1366.0958       1365.3947
       13.000000       1360.8429       1365.7855       1366.1444       1365.4279
       14.000000       1360.8245       1365.7670       1366.1311       1365.4025
       15.000000       1360.8014       1365.7437       1224.2974       1365.4042
       16.000000       1360.8406       1365.7831       1366.1036       1365.4632
       17.000000       1360.7795       1365.7218       1366.0327       1365.4134
       18.000000       1360.8218       1365.7642       1366.0715       1365.4555
       19.000000       1360.7386       1365.6807       1365.9859       1270.8974
       20.000000       1361.0458       1365.9890       1366.2914       1365.6863
       21.000000       1360.9717       1365.9147       1366.2388       1365.5905
       22.000000       1361.0333       1365.9765       1366.3296       1318.3854
       23.000000       1361.0866       1366.0300       1366.3986       1365.6609
       24.000000       1361.1304       1366.0740       1366.4523       1365.6962
       25.000000       1266.8090       1271.4332       1271.7747       1271.0923
       26.000000       1313.9972       1318.7812       1319.1179       1271.1976
       27.000000       1361.1258       1366.0694       1366.3943       1365.7445
       28.000000       1361.2011       1366.1449       1366.4472       1365.8454
       29.000000       324.91598       326.35123       279.16512       326.26374
       30.000000      -99.000000      -99.000000      -99.000000      -99.000000
       31.000000      -99.000000      -99.000000      -99.000000      -99.000000
       32.000000       230.81477       231.93145       184.71616       231.86429
       33.000000       1361.4524       1366.3971       1366.6856       1366.1099
       34.000000       1361.4214       1366.3660       1366.6990       1366.0348
       35.000000       183.66981       184.62686       184.69917       184.55333
       36.000000       277.88965       279.16571       279.26170       184.54849
       37.000000       1220.1841       1224.6505       1224.9881       1177.0457
       38.000000       1361.5734       1366.5186       1366.9107       1366.1261
       39.000000       1361.5211       1366.4661       1366.8436       1366.0879
       40.000000       1361.3362       1366.2805       1366.6084       1365.9527
       41.000000       1361.4983       1366.4432       1366.7482       1366.1386
       42.000000       1361.4796       1366.4244       1272.1831       1366.0955
       43.000000       1361.7907       1366.7367       1367.0937       1366.3803
       44.000000       1361.7518       1366.6976       1367.0658       1366.3295
       45.000000       1361.3318       1366.2761       1366.6556       1365.8942
       46.000000       1219.9587       1224.4243       941.03705       1129.5514
       47.000000       1314.4798       1319.2655       184.76509       1318.8803
       48.000000       1314.8111       1319.5981       1319.9951       1271.9149
       49.000000       1361.5432       1366.4882       1366.8895       1366.0867
       50.000000       1361.4997       1366.4446       1366.8319       1366.0577
       51.000000       1361.6489       1366.5944       1366.9653       1366.2223
       52.000000       1361.2894       1366.2336       1366.6072       1365.8611
       53.000000       1361.5496       1366.4947       1366.8544       1366.1355
       54.000000       1361.6602       1366.6057       1366.9503       1366.2591
       55.000000       1362.0035       1366.9503       1367.2856       1366.6143
       56.000000       1361.5071       1366.4521       1366.7819       1366.1185
       57.000000       1362.1701       1367.1174       1367.4821       1366.7565
       58.000000       1361.9292       1366.8757       1367.2157       1271.9709
       59.000000       1362.0200       1366.9668       1367.3457       1366.5905
       60.000000       1361.9541       1366.9006       1319.9662       1272.0033
       61.000000       1362.0432       1366.9901       1367.3735       1366.6044
       62.000000       1361.4386       1366.3833       1366.7758       1365.9846
       63.000000       1361.4031       1366.3476       1366.6916       1366.0049
       64.000000       1361.6049       1366.5502       1366.8565       1366.2456
       65.000000       1361.4733       1366.4181       1366.7138       1366.1243
       66.000000       1361.7904       1366.7363       1319.7359       1366.4393
       67.000000       1361.5394       1366.4844       1366.7973       1366.1720
       68.000000       1361.2514       1366.1954       1366.5024       1365.8839
       69.000000       1361.8349       1366.7810       1367.1669       1366.3992
       70.000000       1361.5327       1366.4777       1366.8402       1366.1154
       71.000000       1361.8222       1366.7683       1367.1098       1366.4231
       72.000000       1362.3596       1367.3077       1367.6766       1366.9369
       73.000000       1220.9307       1225.3999       1225.7572       1083.1543
       74.000000       1362.2217       1367.1692       1367.5645       1366.7730
       75.000000       1361.7263       1366.6720       1367.0710       1366.2715
       76.000000       1361.7104       1366.6560       1367.0191       1366.2934
       77.000000       1361.7302       1366.6759       1367.0139       1366.3354
       78.000000       1361.3745       1366.3189       1366.6636       1365.9803
       79.000000       1361.0962       1366.0396       1366.3250       1365.7210
       80.000000       1361.5062       1366.4511       1366.8328       1366.0719
       81.000000       1361.5735       1366.5187       1366.9549       1366.0910
       82.000000       1361.4068       1366.3513       1366.7663       1365.9337
       83.000000       1361.8122       1366.7583       1367.1641       1366.3522
       84.000000       1361.8619       1366.8082       1367.1826       1366.4314
       85.000000       1361.7713       1366.7172       1367.0833       1366.3481
       86.000000       1361.3081       1366.2523       1366.6180       1365.8848
       87.000000       1361.2557       1366.1998       1366.5509       1365.8466
       88.000000       1361.1956       1366.1394       1366.4955       1365.7838
       89.000000       1361.1705       1366.1142       1366.4353       1365.7905
       90.000000       1266.9559       1271.5806       988.25063       1271.3025
       91.000000       1361.1952       1366.1390       1366.4558       1365.8214
       92.000000       1361.5338       1366.4788       1366.8238       1366.1273
       93.000000       1361.3946       1366.3392       1366.6860       1365.9815
       94.000000       1360.2433       1365.1837       1365.5321       1364.8288
       95.000000       1361.1783       1366.1220       1366.4610       1365.7812
       96.000000       1361.1517       1366.0954       1177.3672       1365.7336
       97.000000       1361.3330       1366.2773       1366.6865       1365.8727
       98.000000       1361.0639       1366.0073       1366.4151       1365.5985
       99.000000       1267.0290       1271.6540       1224.7378       1271.2928
       100.00000       1078.5374       1082.5242       1082.8296       1082.2183
       101.00000       1361.0385       1365.9817       1366.3322       1318.3767
       102.00000       1313.8423       1318.6257       1271.6948       1271.0305
       103.00000       1360.5334       1365.4748       1365.8489       1365.1014
       104.00000       1360.9742       1365.9172       1366.2707       1318.3113
       105.00000       1361.1341       1366.0777       1271.8721       1365.7341
       106.00000       1360.8570       1365.7996       1366.1335       1365.4618
       107.00000       1314.1573       1318.9419       1319.2642       1271.3637
       108.00000       1361.2460       1366.1900       1366.5236       1365.8460
       109.00000       1360.8196       1365.7620       1366.1171       1365.4076
       110.00000       1360.9870       1365.9300       1366.2751       1365.5809
       111.00000       1360.9992       1365.9423       1366.2940       1365.5789
       112.00000       1360.8344       1365.7769       1366.1580       1365.3905
       113.00000       1360.8600       1365.8026       1366.2081       1365.3919
       114.00000       1360.7301       1365.6723       1366.0691       1365.2709
       115.00000       1360.9501       1365.8930       1366.2808       1365.5049
       116.00000       1360.9358       1365.8787       1366.2424       1365.5144
       117.00000       1360.7656       1365.7078       1366.0321       1365.3712
       118.00000       1360.9751       1365.9181       1366.2615       1365.5706
       119.00000       1360.7500       1365.6922       1366.0280       1365.3511
       120.00000       1360.9013       1365.8440       1366.1717       1365.5094
       121.00000       1360.8751       1365.8178       1366.1653       1365.4695
       122.00000       1360.8722       1365.8148       1366.1709       1365.4577
       123.00000       1360.7228       1365.6649       1176.9650       1365.2992
       124.00000       1360.8601       1365.8027       1177.1296       1365.4083
       125.00000       1360.9465       1365.8894       1366.2979       1365.4798
       126.00000       1360.8108       1365.7532       1366.1597       1365.3425
       127.00000       1360.8217       1365.7642       1366.1544       1365.3737
       128.00000       1360.6184       1365.5601       1365.9035       1365.2115
       129.00000       1360.7564       1365.6986       1271.4762       1365.3811
       130.00000       1360.7286       1365.6708       1366.0025       1365.3367
       131.00000       1360.5200       1365.4613       1365.8013       1365.1140
       132.00000       1360.5449       1365.4863       1318.5433       1365.1646
       133.00000       1313.4978       1318.2799       1318.5927       1317.9634
       134.00000       1360.6374       1365.5792       1318.6601       1365.2380
       135.00000       1360.6363       1365.5780       1318.6551       1365.2326
       136.00000       1360.5841       1365.5256       1365.8759       1365.1709
       137.00000       1360.5766       1365.5182       1365.8755       1365.1513
       138.00000       1360.6794       1365.6213       1366.0246       1365.2165
       139.00000       1360.6460       1365.5878       1365.9857       1365.1914
       140.00000       1360.7041       1365.6462       1365.9989       1365.2826
       141.00000       1360.6471       1365.5889       1318.6651       1365.2429
       142.00000       1360.6153       1365.5570       1365.9115       1365.2042
       143.00000       1360.5879       1365.5295       1365.8567       1365.1937
       144.00000       1360.5814       1365.5230       1365.8506       1365.1918
       145.00000       1360.6642       1365.6061       1365.9342       1365.2751
       146.00000       1360.6473       1365.5891       1318.6884       1317.9892
       147.00000       1360.6281       1365.5698       1365.9678       1365.1712
       148.00000       1360.6045       1365.5462       1365.9536       1365.1375
       149.00000       1360.6708       1365.6127       1366.0043       1365.2001
       150.00000       1360.5982       1365.5398       1271.4527       1365.1114
       151.00000       1360.5791       1365.5207       1176.9191       1365.1020
       152.00000       1360.5832       1365.5248       1271.3916       1365.1256
       153.00000       1360.5337       1365.4751       1365.8437       1365.1014
       154.00000       1360.5443       1365.4858       1365.8248       1365.1313
       155.00000       1360.5756       1365.5171       1082.3352       1365.1581
       156.00000       1360.5307       1365.4721       1271.3223       1365.1162
       157.00000       1360.5054       1365.4467       1318.5191       1365.1101
       158.00000       1360.5602       1365.5017       940.55241       1365.1520
       159.00000       1360.5162       1365.4575       1318.5699       1365.0933
       160.00000       1360.5124       1365.4538       1365.8025       1365.0969
       161.00000       1360.5608       1365.5023       1176.8336       1365.1434
       162.00000       1360.5648       1365.5063       1365.8819       1365.1344
       163.00000       1313.4330       1318.2150       1318.5600       1223.4091
       164.00000       1360.5366       1365.4781       846.02721       1365.1382
       165.00000       1360.5267       1365.4680       1318.5612       1365.1196
       166.00000       1360.5770       1365.5186       1365.8757       1365.1585
       167.00000       1360.5846       1365.5262       1271.3503       1365.1824
       168.00000       1360.5977       1365.5394       1365.8883       1365.1884
       169.00000       1360.5948       1365.5364       1365.8885       1365.1826
       170.00000       1360.7003       1365.6423       1224.1875       1365.3119
       171.00000       1360.8152       1365.7577       1318.8217       1365.4241
       172.00000       1360.7810       1365.7233       1366.1057       1365.3422
       173.00000       1360.8653       1365.8079       1366.1848       1176.4615
       174.00000       1360.7283       1365.6704       1366.0112       1365.3281
       175.00000       1360.7321       1365.6742       1366.0255       1365.3223
       176.00000       1360.8041       1365.7465       1224.2988       1365.3905
       177.00000       1360.8462       1365.7887       1318.8842       1318.1856
       178.00000       1360.7878       1365.7301       1366.0914       1365.3620
       179.00000       1360.7831       1365.7255       1366.0778       1365.3586
       180.00000       1360.7791       1365.7214       1366.0863       1365.3508
       181.00000       1125.4101       1129.5556       1082.5985       1082.0009
       182.00000       1360.8788       1365.8215       1366.1745       1365.4564
       183.00000       1360.7023       1365.6443       1365.9876       1365.2899
       184.00000       1361.0572       1366.0005       1366.3535       1365.6446
       185.00000       1361.0691       1366.0124       1319.0806       1365.6637
       186.00000       1361.0798       1366.0232       1366.3691       1365.6739
       187.00000       1361.0636       1366.0070       893.66517       1365.6646
       188.00000       1360.8240       1365.7665       987.97392       1365.4007
       189.00000       1361.0960       1366.0395       1366.4033       1365.6790
       190.00000       1360.9856       1365.9286       610.02333       1365.5822
       191.00000       1361.0765       1366.0198       1177.2784       1365.6685
       192.00000       1361.2532       1366.1972       1366.5442       1365.8476
       193.00000       1361.3825       1366.3270       1224.8265       1365.9913
       194.00000       1361.2521       1366.1961       1366.5399       1365.8430
       195.00000       1361.2797       1366.2238       1366.5684       1365.8645
       196.00000       1361.1007       1366.0441       1319.1087       1365.6913
       197.00000       1361.1290       1366.0726       1319.1198       1318.4780
       198.00000       984.35306       988.02098       988.27477       987.76394
       199.00000       1361.0639       1366.0072       1366.3557       1365.6484
       200.00000       1360.8945       1365.8373       1366.2036       1365.4631
       201.00000       1361.2954       1366.2396       1366.6120       1365.8646
       202.00000       1361.3759       1366.3203       1366.6629       1365.9653
       203.00000       1361.1646       1366.1083       1366.4463       1365.7594
       204.00000       1361.1693       1366.1130       1366.4323       1365.7816
       205.00000       1361.1894       1366.1332       1366.4351       1365.8085
       206.00000       1361.0943       1366.0378       1366.3952       1365.6793
       207.00000       1361.2100       1366.1538       1366.5039       1365.7915
       208.00000       1361.2501       1366.1941       1366.5558       1365.8234
       209.00000       1361.1362       1366.0798       1366.4339       1365.7234
       210.00000       1361.2927       1366.2369       1366.6176       1365.8554
       211.00000       1361.4158       1366.3604       1319.4381       1365.9891
       212.00000       1361.3494       1366.2938       1319.3589       1365.9374
       213.00000       1361.3898       1366.3343       1366.6935       1365.9714
       214.00000       1361.3755       1366.3200       1366.6613       1365.9614
       215.00000       1361.1798       1366.1235       1319.1858       1365.7659
       216.00000       1360.9306       1365.8735       1366.2232       1365.5153
       217.00000       1361.2821       1366.2262       1319.3162       1365.8544
       218.00000       1361.0321       1365.9753       1319.0603       1365.6070
       219.00000       1360.8082       1365.7506       1366.0772       1365.4147
       220.00000       1361.3959       1366.3405       1366.6556       1366.0104
       221.00000       1361.3914       1366.3360       1366.6837       1365.9860
       222.00000       1361.2551       1366.1991       1366.5660       1365.8313
       223.00000       1361.1781       1366.1219       1366.4876       1365.7471
       224.00000       1361.0554       1365.9987       1366.3686       987.62945
       225.00000       1361.3477       1366.2921       1366.6517       1365.9282
       226.00000       1361.3532       1366.2976       1366.6604       1365.9265
       227.00000       1361.3440       1366.2884       1366.6471       1365.9233
       228.00000       1360.9191       1365.8620       1366.1999       1365.5083
       229.00000       1361.1445       1366.0881       1177.3434       1365.7209
       230.00000       1361.4266       1366.3713       1366.7566       1365.9805
       231.00000       1361.5464       1366.4915       1319.5531       1366.1267
       232.00000       1361.5290       1366.4741       1319.5328       1366.1201
       233.00000       1361.4469       1366.3916       1366.7621       1366.0179
       234.00000       1314.2565       1319.0415       1319.3913       1318.6890
       235.00000       1125.9007       1130.0479       1130.3414       1129.7502
       236.00000       1361.0733       1366.0167       1366.3393       1365.6886
       237.00000       1361.1559       1366.0996       1366.4310       1365.7621
       238.00000       1360.9615       1365.9044       1271.6966       1365.5724
       239.00000       1360.8491       1365.7917       1366.1185       1365.4630
       240.00000       1361.0537       1365.9970       1366.3142       1365.6784
       241.00000       1361.2777       1366.2218       1224.7035       1365.9051
       242.00000       1360.9962       1365.9392       1366.2649       1365.6080
       243.00000       1361.0706       1366.0140       1366.3551       1365.6723
       244.00000       1361.1384       1366.0820       1366.4170       1365.7365
